   3.6216000e+00   8.6661000e+00  -2.8073000e+00  -4.4699000e-01
   3.8660000e+00  -2.6383000e+00   1.9242000e+00   1.0645000e-01
   3.2924000e-01  -4.4552000e+00   4.5718000e+00  -9.8880000e-01
   3.5912000e+00   3.0129000e+00   7.2888000e-01   5.6421000e-01
   3.2032000e+00   5.7588000e+00  -7.5345000e-01  -6.1251000e-01
   1.2247000e+00   8.7779000e+00  -2.2135000e+00  -8.0647000e-01
   1.8993000e+00   7.6625000e+00   1.5394000e-01  -3.1108000e+00
   3.4040000e+00   8.7261000e+00  -2.9915000e+00  -5.7242000e-01
   2.6719000e+00   3.0646000e+00   3.7158000e-01   5.8619000e-01
   1.4479000e+00  -4.8794000e+00   8.3428000e+00  -2.1086000e+00
   5.7867000e+00   7.8902000e+00  -2.6196000e+00  -4.8708000e-01
   3.9362000e+00   1.0162200e+01  -3.8235000e+00  -4.0172000e+00
   4.4338000e+00   9.8870000e+00  -4.6795000e+00  -3.7483000e+00
   1.1432000e+00  -3.7413000e+00   5.5777000e+00  -6.3578000e-01
   6.5633000e+00   9.8187000e+00  -4.4113000e+00  -3.2258000e+00
  -2.4811000e-01  -1.7797000e-01   4.9068000e+00   1.5429000e-01
   4.2969000e+00   7.6170000e+00  -2.3874000e+00  -9.6164000e-01
  -1.6162000e+00   8.0908000e-01   8.1628000e+00   6.0817000e-01
   2.6881000e+00   6.0195000e+00  -4.6641000e-01  -6.9268000e-01
   4.5679000e+00   3.1929000e+00  -2.1055000e+00   2.9653000e-01
   4.1711000e+00   8.7220000e+00  -3.0224000e+00  -5.9699000e-01
  -6.8919000e-03   9.2931000e+00  -4.1243000e-01  -1.9638000e+00
   2.8561000e+00   6.9176000e+00  -7.9372000e-01   4.8403000e-01
   2.0843000e+00   6.6258000e+00   4.8382000e-01  -2.2134000e+00
   3.9102000e+00   6.0650000e+00  -2.4534000e+00  -6.8234000e-01
   4.3239000e+00  -4.8835000e+00   3.4356000e+00  -5.7760000e-01
   3.1452000e+00   5.8250000e+00  -5.1439000e-01  -1.4944000e+00
   4.9264000e+00   5.4960000e+00  -2.4774000e+00  -5.0648000e-01
   2.5635000e+00   6.7769000e+00  -6.1979000e-01   3.8576000e-01
   3.1377000e+00  -4.1096000e+00   4.5701000e+00   9.8963000e-01
   2.8880000e+00   4.4696000e-01   4.5907000e+00  -2.4398000e-01
   4.2586000e+00   1.1296200e+01  -4.0943000e+00  -4.3457000e+00
   5.4021000e+00   3.1039000e+00  -1.1536000e+00   1.5651000e+00
   4.6054000e+00  -4.0765000e+00   2.7587000e+00   3.1981000e-01
   1.0009000e+00   7.7846000e+00  -2.8219000e-01  -2.6608000e+00
   3.9529000e+00  -2.3548000e+00   2.3792000e+00   4.8274000e-01
   4.7181000e+00   1.0015300e+01  -3.9486000e+00  -3.8582000e+00
   4.4069000e+00   1.0907200e+01  -4.5775000e+00  -4.4271000e+00
   3.7935000e+00   7.9853000e+00  -2.5477000e+00  -1.8720000e+00
   2.4835000e-01   7.6439000e+00   9.8850000e-01  -8.7371000e-01
   2.8033000e+00   9.0862000e+00  -3.3668000e+00  -1.0224000e+00
   5.0185000e+00   8.5978000e+00  -2.9375000e+00  -1.2810000e+00
   3.2450000e+00   6.6300000e+00  -6.3435000e-01   8.6937000e-01
  -1.1313000e+00   1.9037000e+00   7.5339000e+00   1.0220000e+00
   4.1197000e+00  -2.7956000e+00   2.0707000e+00   6.7412000e-01
   1.4806000e+00   7.6377000e+00  -2.7876000e+00  -1.0341000e+00
   4.3064000e+00   8.2068000e+00  -2.7824000e+00  -1.4336000e+00
   3.2718000e+00   1.7837000e+00   2.1161000e+00   6.1334000e-01
   2.9543000e+00   1.0760000e+00   6.4577000e-01   8.9394000e-01
   3.8200000e+00   1.0927900e+01  -4.0112000e+00  -5.0284000e+00
   3.3669000e+00  -5.1856000e+00   3.6935000e+00  -1.1427000e+00
   5.1129000e+00  -4.9871000e-01   6.2863000e-01   1.1189000e+00
   4.2027000e+00   2.2761000e-01   9.6108000e-01   9.7282000e-01
   2.3136000e+00   1.0665100e+01  -3.5288000e+00  -4.7672000e+00
   3.1060000e+00   9.5414000e+00  -4.2536000e+00  -4.0030000e+00
   3.9922000e+00  -4.4676000e+00   3.7304000e+00  -1.0950000e-01
   3.2351000e+00   9.6470000e+00  -3.2074000e+00  -2.5948000e+00
   1.7819000e+00   6.9176000e+00  -1.2744000e+00  -1.5759000e+00
   3.8969000e+00   7.4163000e+00  -1.8245000e+00   1.4007000e-01
   2.8969000e+00   7.0768000e-01   2.2900000e+00   1.8663000e+00
   3.4642000e+00   1.0687800e+01  -3.4071000e+00  -4.1090000e+00
  -1.4572000e+00   9.1214000e+00   1.7425000e+00  -5.1241000e+00
  -9.1718000e-01   9.9884000e+00   1.1804000e+00  -5.2263000e+00
  -2.3430000e+00   1.2951600e+01   3.3285000e+00  -5.9426000e+00
   4.6689000e+00   1.3098000e+00   5.5404000e-02   1.9090000e+00
   3.2697000e+00  -4.3414000e+00   3.6884000e+00  -2.9829000e-01
   2.0139000e+00   6.1416000e+00   3.7929000e-01   5.6938000e-01
  -1.0401000e+00   9.3987000e+00   8.5998000e-01  -5.3336000e+00
   5.4380000e+00   9.4669000e+00  -4.9417000e+00  -3.9202000e+00
   5.2418000e+00   1.0538800e+01  -4.1174000e+00  -4.2797000e+00
   2.0911000e+00   9.4358000e-01   4.5512000e+00   1.2340000e+00
   4.1736000e+00   3.3336000e+00  -1.4244000e+00   6.0429000e-01
   3.8481000e+00   1.0153900e+01  -3.8561000e+00  -4.2228000e+00
   3.8584000e+00   7.8425000e-01   1.1033000e+00   1.7008000e+00
   3.6277000e+00   9.8290000e-01   6.8861000e-01   6.3403000e-01
   4.5447000e+00   8.2274000e+00  -2.4166000e+00  -1.5875000e+00
   5.0691000e+00   2.1313000e-01   2.0278000e-01   1.2095000e+00
   1.9358000e+00   8.1654000e+00  -2.3425000e-02  -2.2586000e+00
   2.4226000e+00  -4.5752000e+00   5.9470000e+00   2.1507000e-01
   2.2634000e+00  -4.4862000e+00   3.6558000e+00  -6.1251000e-01
   5.0452000e+00   3.8964000e+00  -1.4304000e+00   8.6291000e-01
   1.7346000e-01   7.8695000e+00   2.6876000e-01  -3.7883000e+00
   4.8851000e+00   1.5995000e+00  -2.9081000e-04   1.6401000e+00
   1.1166000e+00   8.6496000e+00  -9.6252000e-01  -1.8112000e+00
  -1.8030000e+00   1.1881800e+01   2.0458000e+00  -5.2728000e+00
   5.7060000e-01  -2.4800000e-02   1.2421000e+00  -5.6210000e-01
  -1.6952000e+00   1.0657000e+00   8.8294000e+00   9.4955000e-01
   1.8799000e+00   2.4707000e+00   2.4931000e+00   3.7671000e-01
   1.9081000e-01   9.1297000e+00  -3.7250000e+00  -5.8224000e+00
  -1.3144000e-01  -1.7775000e+00   8.3316000e+00   3.5214000e-01
   1.6426000e+00   3.0149000e+00   2.2849000e-01  -1.4700000e-01
  -6.9572000e-01   8.6165000e+00   1.8419000e+00  -4.3289000e+00
  -1.7559000e+00   1.1945900e+01   3.0946000e+00  -4.8978000e+00
   3.2585000e+00  -4.4614000e+00   3.8024000e+00  -1.5087000e-01
   4.5645000e+00  -3.6275000e+00   2.8684000e+00   2.7714000e-01
   9.2970000e-01  -3.7971000e+00   4.6429000e+00  -2.9570000e-01
   1.4578000e+00  -8.4850000e-02   4.1785000e+00   5.9136000e-01
  -2.3410000e+00   1.2378400e+01   7.0403000e-01  -7.5836000e+00
   4.1454000e+00   7.2570000e+00  -1.9153000e+00  -8.6078000e-01
   4.0215000e+00  -2.1914000e+00   2.4648000e+00   1.1409000e+00
  -2.0897000e+00   1.0826500e+01   2.3603000e+00  -3.4198000e+00
  -7.8689000e-01   9.5663000e+00  -3.7867000e+00  -7.5034000e+00
   8.3292000e-01   7.5404000e+00   6.5005000e-01  -9.2544000e-01
   5.3063000e+00   5.2684000e+00  -2.8904000e+00  -5.2716000e-01
   2.1059000e+00   7.6046000e+00  -4.7755000e-01  -1.8461000e+00
   4.2899000e+00   9.1814000e+00  -4.6067000e+00  -4.3263000e+00
   2.6140000e+00   8.0081000e+00  -3.7258000e+00  -1.3069000e+00
   4.1962000e+00   7.4493000e-01   8.3256000e-01   7.5300000e-01
   1.3234000e+00   3.2964000e+00   2.3620000e-01  -1.1984000e-01
  -1.6735000e-01   7.6274000e+00   1.2061000e+00  -3.6241000e+00
  -2.2261000e+00   1.2539800e+01   2.9438000e+00  -3.5258000e+00
   1.0987000e+00   6.3940000e-01   5.9890000e+00  -5.8277000e-01
  -3.6038000e-01   4.1158000e+00   3.1143000e+00  -3.7199000e-01
   5.7060000e-01  -2.4800000e-02   1.2421000e+00  -5.6210000e-01
   3.1219000e+00  -3.1370000e+00   1.9259000e+00  -3.7458000e-01
  -1.3389000e+00   1.5520000e+00   7.0806000e+00   1.0310000e+00
   2.2596000e+00  -3.3118000e-02   4.7355000e+00  -2.7760000e-01
   2.7296000e+00   2.8701000e+00   5.1124000e-01   5.0990000e-01
  -1.3274000e+00   9.4980000e+00   2.4408000e+00  -5.2689000e+00
   3.9994000e+00   9.0427000e-01   1.1693000e+00   1.6892000e+00
   3.2704000e+00   6.9321000e+00  -1.0456000e+00   2.3447000e-01
   1.6406000e+00   3.5488000e+00   1.3964000e+00  -3.6424000e-01
   2.4287000e+00   9.3821000e+00  -3.2477000e+00  -1.4543000e+00
   1.6472000e+00   4.8213000e-01   4.7449000e+00   1.2250000e+00
   3.7980000e-01   7.0980000e-01   7.5720000e-01  -4.4440000e-01
   4.5691000e+00  -4.4552000e+00   3.1769000e+00   4.2961000e-03
   5.7340000e-01   9.1938000e+00  -9.0940000e-01  -1.8720000e+00
   4.0102000e+00   1.0656800e+01  -4.1388000e+00  -5.0646000e+00
   3.0934000e+00  -2.9177000e+00   2.2232000e+00   2.2283000e-01
   3.7440000e+00   7.9459000e-01   9.5851000e-01   1.0077000e+00
   3.7731000e+00   7.2073000e+00  -1.6814000e+00  -9.4742000e-01
   1.8114000e+00   7.6067000e+00  -9.7880000e-01  -2.4668000e+00
   2.4830000e+00   6.6155000e+00  -7.9287000e-01  -9.0863000e-01
  -1.6103000e-02   9.7484000e+00   1.5394000e-01  -1.6134000e+00
   9.2970000e-01  -3.7971000e+00   4.6429000e+00  -2.9570000e-01
   3.8417000e+00   1.0021500e+01  -4.2699000e+00  -4.9159000e+00
   4.4072000e+00  -7.0365000e-02   2.0416000e+00   1.1319000e+00
   5.2756000e+00   1.3863000e-01   1.2138000e-01   1.1435000e+00
   4.0520000e+00  -1.6555000e-01   4.5383000e-01   5.1248000e-01
   8.9566000e-01   7.7763000e+00  -2.7473000e+00  -1.9353000e+00
   2.0977000e-01  -4.6146000e-01   7.7267000e+00   9.0946000e-01
   2.8770000e+00  -4.0599000e+00   3.6259000e+00  -3.2544000e-01
  -1.3000000e+00   1.0267800e+01  -2.9530000e+00  -5.8638000e+00
   1.3419000e+00  -4.4221000e+00   8.0900000e+00  -1.7349000e+00
   4.4125000e-01   2.9487000e+00   4.3225000e+00   7.1550000e-01
   2.5678000e+00   3.5136000e+00   6.1406000e-01  -4.0691000e-01
   4.1349000e+00   6.1189000e+00  -2.4294000e+00  -1.9613000e-01
   2.5068000e+00   1.1588000e+00   3.9249000e+00   1.2585000e-01
   5.1979000e-02   7.0521000e+00  -2.0541000e+00  -3.1508000e+00
   1.1430000e+00   8.3391000e-01   5.4552000e+00  -5.6984000e-01
   3.2920000e-01  -4.4552000e+00   4.5718000e+00  -9.8880000e-01
   1.6849000e+00   8.7489000e+00  -1.2641000e+00  -1.3858000e+00
   2.3729000e+00   1.0472600e+01  -3.0087000e+00  -3.2013000e+00
   2.7451000e-01   9.2186000e+00  -3.2863000e+00  -4.8448000e+00
   4.6160000e+00   1.0178800e+01  -4.2185000e+00  -4.4245000e+00
   4.0215000e+00  -2.7004000e+00   2.4957000e+00   3.6636000e-01
   1.5902000e+00   2.2948000e+00   3.2403000e+00   1.8404000e-01
   1.1811000e+00   8.3847000e+00  -2.0567000e+00  -9.0345000e-01
   5.7353000e+00   5.2808000e+00  -2.2598000e+00   7.5416000e-02
   1.5799000e+00  -4.7076000e+00   7.9186000e+00  -1.5487000e+00
   5.1950000e-01  -3.2633000e+00   3.0895000e+00  -9.8490000e-01
  -1.7344000e+00   2.0175000e+00   7.7618000e+00   9.3532000e-01
   3.5257000e+00   1.2829000e+00   1.9276000e+00   1.7991000e+00
  -1.6108000e-01  -6.4624000e+00   8.3573000e+00  -1.5216000e+00
   3.5152000e+00   6.8224000e+00  -6.7377000e-01  -4.6898000e-01
   1.0607000e+00   2.4542000e+00   2.5188000e+00  -1.7027000e-01
   3.5594000e+00   1.3078000e+00   1.2910000e+00   1.6556000e+00
   3.9294000e+00   1.4112000e+00   1.8076000e+00   8.9782000e-01
   3.9660000e+00   3.9213000e+00   7.0574000e-01   3.3662000e-01
   9.6414000e-01   5.6160000e+00   2.2138000e+00  -1.2501000e-01
   4.9923000e+00   7.8653000e+00  -2.3515000e+00  -7.1984000e-01
   4.0329000e+00   2.3175000e-01   8.9082000e-01   1.1823000e+00
   3.5982000e+00   7.1307000e+00  -1.3035000e+00   2.1248000e-01
   4.0972000e+00   4.6972000e-01   1.6671000e+00   9.1593000e-01
   3.1088000e+00   3.1122000e+00   8.0857000e-01   4.3360000e-01
  -1.2528000e+00   1.0203600e+01   2.1787000e+00  -5.6038000e+00
   3.2920000e-01  -4.4552000e+00   4.5718000e+00  -9.8880000e-01
   3.5458000e+00   9.3718000e+00  -4.0351000e+00  -3.9564000e+00
   2.7206000e+00   9.0821000e+00  -3.3111000e+00  -9.6811000e-01
   2.6917000e+00   1.0816100e+01  -3.3000000e+00  -4.2888000e+00
   2.7161000e+00  -4.2006000e+00   4.1914000e+00   1.6981000e-01
   1.7452000e+00   4.8028000e+00   2.0878000e+00   6.2627000e-01
   5.7823000e+00   5.5788000e+00  -2.4089000e+00  -5.6479000e-02
   3.5189000e+00   6.3320000e+00  -1.7791000e+00  -2.0273000e-02
   3.4985000e+00   3.1639000e+00   2.2677000e-01  -1.6510000e-01
   2.2526000e+00   9.9636000e+00  -3.1749000e+00  -2.9944000e+00
   7.4307000e-01   1.1170000e+01  -1.3824000e+00  -4.0728000e+00
  -1.5055000e+00   7.0346000e-02   6.8681000e+00  -5.0648000e-01
   3.2303000e+00   7.8384000e+00  -3.5348000e+00  -1.2151000e+00
   2.8523000e+00   9.0096000e+00  -3.7610000e+00  -3.3371000e+00
   1.5099000e+00   3.9307000e-02   6.2332000e+00  -3.0346000e-01
   8.6202000e-01   2.6963000e+00   4.2908000e+00   5.4739000e-01
   5.4777000e-01   1.0375400e+01  -1.5435000e+00  -4.1633000e+00
  -2.4953000e+00   1.1147200e+01   1.9353000e+00  -3.4638000e+00
  -2.2527000e+00   1.1532100e+01   2.5899000e+00  -3.2737000e+00
  -3.6279000e-01   8.2895000e+00  -1.9213000e+00  -3.3332000e+00
   8.6736000e-01   5.5643000e+00   1.6765000e+00  -1.6769000e-01
  -2.2623000e+00   1.2117700e+01   2.8846000e-01  -7.7581000e+00
   2.6799000e+00   3.1349000e+00   3.4073000e-01   5.8489000e-01
   4.3937000e+00   3.5798000e-01   2.0416000e+00   1.2004000e+00
   1.3049000e+00  -1.5521000e-01   6.4911000e+00  -7.5346000e-01
   1.9647000e+00   6.9383000e+00   5.7722000e-01   6.6377000e-01
   3.7980000e-01   7.0980000e-01   7.5720000e-01  -4.4440000e-01
   1.4783000e-01   7.9460000e+00   1.0742000e+00  -3.3409000e+00
   4.2230000e+00   1.1319000e+00   7.2202000e-01   9.6118000e-01
   1.9410000e+00   4.6351000e-01   4.6472000e+00   1.0879000e+00
   3.7767000e+00   9.7794000e+00  -3.9075000e+00  -3.5323000e+00
   1.9818000e+00   9.2621000e+00  -3.5210000e+00  -1.8720000e+00
   4.3483000e+00   1.1107900e+01  -4.0857000e+00  -4.2539000e+00
  -1.2576000e+00   1.5892000e+00   7.0078000e+00   4.2455000e-01
  -2.4840000e+00   1.2161100e+01   2.8204000e+00  -3.7418000e+00
   4.8368000e+00   1.0013200e+01  -4.3239000e+00  -4.3276000e+00
   1.9429000e+00   6.3961000e+00   9.2248000e-02   5.8102000e-01
  -1.5222000e+00   1.0840900e+01   2.7827000e+00  -4.0974000e+00
   3.4246000e+00  -1.4693000e-01   8.0342000e-01   2.9136000e-01
   1.5691000e+00   6.3465000e+00  -1.8280000e-01  -2.4099000e+00
   5.1776000e+00   8.2316000e+00  -3.2511000e+00  -1.5694000e+00
   5.6272000e+00   1.0085700e+01  -4.2931000e+00  -3.8142000e+00
   3.7980000e-01   7.0980000e-01   7.5720000e-01  -4.4440000e-01
   4.0524000e+00   5.6802000e+00  -1.9693000e+00   2.6279000e-02
   3.4359000e+00   6.6216000e-01   2.1041000e+00   1.8922000e+00
   3.3590000e+00   9.8022000e+00  -3.8209000e+00  -3.7133000e+00
   1.3349000e+00   6.1189000e+00   4.6497000e-01   4.9826000e-01
   2.4527000e+00   2.9653000e+00   2.0021000e-01  -5.6479000e-02
   3.9364000e+00   1.0588500e+01  -3.7250000e+00  -4.3133000e+00
   3.6922000e+00  -3.9585000e+00   4.3439000e+00   1.3517000e+00
   7.7124000e-01   9.0862000e+00  -1.2281000e+00  -1.4996000e+00
   1.6020000e+00   6.1251000e+00   5.2924000e-01   4.7886000e-01
   2.0007000e+00   1.8644000e+00   2.6491000e+00   4.7369000e-01
   4.3848000e+00  -3.0729000e+00   3.0423000e+00   1.2741000e+00
   9.6574000e-01   8.3930000e+00  -1.3610000e+00  -1.4659000e+00
   4.9362000e+00   7.6046000e+00  -2.3429000e+00  -8.5302000e-01
   5.7403000e+00  -4.4284000e-01   3.8015000e-01   1.3763000e+00
   1.1472000e+00   3.5985000e+00   1.9387000e+00  -4.3406000e-01
   4.5707000e+00   7.2094000e+00  -3.2794000e+00  -1.4944000e+00
   8.7256000e-01   9.2931000e+00  -7.8430000e-01  -2.1978000e+00
   3.8384000e+00   6.1851000e+00  -2.0439000e+00  -3.3204000e-02
   2.5817000e+00   9.7546000e+00  -3.1749000e+00  -2.9957000e+00
   3.7980000e-01   7.0980000e-01   7.5720000e-01  -4.4440000e-01
  -1.7781000e+00   8.5460000e-01   7.1303000e+00   2.7572000e-02
   9.4732000e-01  -5.7113000e-01   7.1903000e+00  -6.7587000e-01
   7.1249000e-03   8.3661000e+00   5.0781000e-01  -3.8155000e+00
   4.7432000e+00   2.1086000e+00   1.3680000e-01   1.6543000e+00
   3.8832000e+00   6.4023000e+00  -2.4320000e+00  -9.8363000e-01
   1.1315000e+00   7.9212000e+00   1.0930000e+00  -2.8444000e+00
   1.9321000e+00   6.0423000e+00   2.6019000e-01  -2.0530000e+00
  -1.8411000e+00   1.0830600e+01   2.7690000e+00  -3.0901000e+00
   2.5698000e+00  -4.4076000e+00   5.9856000e+00   7.8002000e-02
   3.3756000e+00  -4.0951000e+00   4.3670000e+00   1.0698000e+00
   5.7060000e-01  -2.4800000e-02   1.2421000e+00  -5.6210000e-01
   3.8644000e+00   3.7061000e+00   7.0403000e-01   3.5214000e-01
   2.0051000e+00  -6.8638000e+00   8.1320000e+00  -2.4010000e-01
   2.8297000e+00   6.3485000e+00  -7.3546000e-01  -5.8665000e-01
   2.0930000e+00   8.3061000e+00   2.2844000e-02  -3.2724000e+00
   5.0617000e+00  -3.5799000e-01   4.4698000e-01   9.9868000e-01
   3.5770000e+00   2.4004000e+00   1.8908000e+00   7.3231000e-01
   2.6648000e+00   1.0754000e+01  -3.3994000e+00  -4.1685000e+00
   2.0153000e+00   1.8479000e+00   3.1375000e+00   4.2843000e-01
  -2.3983000e+00   1.2606000e+01   2.9464000e+00  -5.7888000e+00
   4.2406000e+00  -2.4852000e+00   1.6080000e+00   7.1550000e-01
   3.1896000e+00   5.7526000e+00  -1.8537000e-01  -3.0087000e-01
   5.2855000e-01   9.6427000e-01   4.0243000e+00  -1.0483000e+00
   3.3111000e-01   4.5731000e+00   2.0570000e+00  -1.8967000e-01
   2.2091000e+00   7.4556000e+00  -1.3284000e+00  -3.3021000e+00
   3.6244000e+00   1.4609000e+00   1.3501000e+00   1.9284000e+00
   5.7227000e+00   5.8312000e+00  -2.4097000e+00  -2.4527000e-01
   2.5227000e+00   2.2369000e+00   2.7236000e+00   7.9438000e-01
   4.8278000e+00   7.7598000e+00  -2.4491000e+00  -1.2216000e+00
   2.7659000e+00   6.6216000e-01   4.1494000e+00  -2.8406000e-01
   7.2252000e-01  -5.3811000e-02   5.6703000e+00  -1.3509000e+00
   3.9772000e+00   3.3521000e-01   2.2566000e+00   2.1625000e+00
   2.8232000e+00   1.0851300e+01  -3.1466000e+00  -3.9784000e+00
   4.2458000e+00   1.1981000e+00   6.6633000e-01   9.4696000e-01
   1.4507000e+00   8.7903000e+00  -2.2324000e+00  -6.5259000e-01
   1.8533000e+00   6.1458000e+00   1.0176000e+00  -2.0401000e+00
   3.9719000e+00   1.0367000e+00   7.5973000e-01   1.0013000e+00
   3.6894000e+00   9.8870000e+00  -4.0788000e+00  -4.3664000e+00
   2.6463000e+00  -4.8152000e+00   6.3549000e+00   3.0030000e-03
   1.5673000e+00   7.9274000e+00  -5.6842000e-02  -2.1694000e+00
   4.3846000e+00  -4.8794000e+00   3.3662000e+00  -2.9324000e-02
   4.0446000e+00   1.1174100e+01  -4.3582000e+00  -4.7401000e+00
  -2.4604000e+00   1.2730200e+01   9.1738000e-01  -7.6418000e+00
   2.0193000e+00   8.2356000e-01   4.6369000e+00   1.4202000e+00
   2.6415000e+00   7.5860000e+00  -2.8562000e-01  -1.6677000e+00
   4.3435000e+00   3.3295000e+00   8.3598000e-01   6.4955000e-01
   3.9382000e+00   9.2910000e-01   7.8543000e-01   6.7670000e-01
   5.5040000e+00   1.0367100e+01  -4.4130000e+00  -4.0211000e+00
   1.1676000e+00   9.1566000e+00  -2.0867000e+00  -8.0647000e-01
   3.2444000e-01   1.0067000e+01  -1.1982000e+00  -4.1284000e+00
   2.1752000e+00  -8.0910000e-01   5.1022000e+00  -6.7975000e-01
   4.7072000e+00   8.2957000e+00  -2.5605000e+00  -1.4905000e+00
   4.0552000e+00   4.0143000e-01   1.4563000e+00   6.5343000e-01
   3.3565000e-01   6.8369000e+00   6.9718000e-01  -5.5691000e-01
   1.5456000e+00   8.5482000e+00   4.1870000e-01  -2.1784000e+00
  -2.7802000e-01   8.1881000e+00  -3.1338000e+00  -2.5276000e+00
   4.6352000e+00  -3.0087000e+00   2.6773000e+00   1.2120000e+00
   9.5626000e-01   2.4728000e+00   4.4578000e+00   2.1636000e-01
   5.2032000e+00   3.5116000e+00  -1.2538000e+00   1.0129000e+00
   6.5497000e-01   5.1815000e+00   1.0673000e+00  -4.2113000e-01
   1.1050000e+00   7.4432000e+00   4.1099000e-01  -3.0332000e+00
   1.1558000e+00   6.4003000e+00   1.5506000e+00   6.9610000e-01
   2.7831000e+00   1.0979600e+01  -3.5570000e+00  -4.4039000e+00
  -2.6479000e+00   1.0137400e+01  -1.3310000e+00  -5.4707000e+00
  -1.4275000e+00   1.1879700e+01   4.1613000e-01  -6.9978000e+00
   5.0860000e+00   3.2798000e+00  -1.2701000e+00   1.1189000e+00
  -2.3610000e-01   9.3221000e+00   2.1307000e+00  -4.3793000e+00
  -1.1391000e+00   1.8127000e+00   6.9144000e+00   7.0127000e-01
   2.5089000e+00   6.8410000e+00  -2.9423000e-02   4.4912000e-01
   3.9460000e+00   6.8514000e+00  -1.5443000e+00  -5.5820000e-01
   1.8592000e+00   3.2074000e+00  -1.5966000e-01  -2.6208000e-01
   3.4626000e+00  -4.4490000e+00   3.5427000e+00   1.5429000e-01
   5.0429000e+00  -5.2974000e-01   5.0439000e-01   1.1060000e+00
   4.6562000e+00   7.6398000e+00  -2.4243000e+00  -1.2384000e+00
   1.8384000e+00   6.0630000e+00   5.4723000e-01   5.1248000e-01
   3.5251000e+00   7.2010000e-01   1.6928000e+00   6.4438000e-01
   2.5989000e+00   3.5178000e+00   7.6230000e-01   8.1119000e-01
   3.6941000e+00  -3.9482000e+00   4.2625000e+00   1.1577000e+00
   6.8248000e+00   5.2187000e+00  -2.5425000e+00   5.4610000e-01
   2.1526000e+00  -6.1665000e+00   8.0831000e+00  -3.4355000e-01
   2.7213000e+00   7.0500000e+00  -5.8808000e-01   4.1809000e-01
   4.1665000e+00  -4.4490000e-01   2.3448000e-01   2.7843000e-01
   5.1321000e+00  -3.1048000e-02   3.2616000e-01   1.1151000e+00
   3.0333000e+00  -2.5928000e+00   2.3183000e+00   3.0300000e-01
   1.1620000e+00   1.0292600e+01  -1.2821000e+00  -4.0392000e+00
   7.7765000e-01   5.9781000e+00   1.1941000e+00  -3.5260000e-01
   2.1084000e-01   9.4359000e+00  -9.4543000e-02  -1.8590000e+00
   4.6439000e+00  -3.3729000e+00   2.5976000e+00   5.5257000e-01
   3.5127000e+00   2.9073000e+00   1.0579000e+00   4.0774000e-01
  -1.3612000e+00   1.0694000e+01   1.7022000e+00  -2.9026000e+00
   1.0400000e+00  -6.9321000e+00   8.2888000e+00  -1.2991000e+00
   4.2756000e+00  -2.6528000e+00   2.1375000e+00   9.4437000e-01
   2.9736000e+00   8.7944000e+00  -3.6359000e+00  -1.3754000e+00
   5.3586000e+00   3.7557000e+00  -1.7345000e+00   1.0789000e+00
   1.2262000e+00   8.9599000e-01   5.7568000e+00  -1.1596000e-01
   5.7060000e-01  -2.4841000e-02   1.2421000e+00  -5.6208000e-01
   3.4820000e+00  -4.1634000e+00   3.5008000e+00  -7.8462000e-02
   2.3164000e+00  -2.6280000e+00   3.1529000e+00  -8.6220000e-02
   1.3754000e+00   8.8793000e+00  -1.9136000e+00  -5.3751000e-01
   2.9961000e-01   7.1328000e+00  -3.1475000e-01  -1.1828000e+00
   2.4673000e+00   1.3926000e+00   1.7125000e+00   4.1421000e-01
   3.4465000e+00   2.9508000e+00   1.0271000e+00   5.4610000e-01
   3.7321000e+00  -3.8840000e+00   3.3577000e+00  -6.0486000e-03
  -2.0759000e+00   1.0822300e+01   2.6439000e+00  -4.8370000e+00
   7.6163000e-01   5.8209000e+00   1.1959000e+00  -6.4613000e-01
   2.6213000e+00   5.7919000e+00   6.5686000e-02  -1.5759000e+00
   5.8519000e+00   5.3905000e+00  -2.4037000e+00  -6.1652000e-02
   3.9771000e+00   1.1151300e+01  -3.9272000e+00  -4.3444000e+00
   7.4054000e-01   3.6625000e-01   2.1992000e+00   4.8403000e-01
   1.6450000e+00   7.8612000e+00  -8.7598000e-01  -3.5569000e+00
   3.2403000e+00  -3.7082000e+00   5.2804000e+00   4.1291000e-01
   3.9262000e+00   6.0299000e+00  -2.0156000e+00  -6.5531000e-02
   3.7522000e+00  -3.6978000e+00   3.9943000e+00   1.3051000e+00
   3.7022000e+00   6.9942000e+00  -1.8511000e+00  -1.2889000e-01
   3.5829000e+00   1.4423000e+00   1.0219000e+00   1.4008000e+00
   5.1731000e+00   3.9606000e+00  -1.9830000e+00   4.0774000e-01
   2.4012000e+00   1.6223000e+00   3.0312000e+00   7.1679000e-01
   4.7965000e+00   6.9859000e+00  -1.9967000e+00  -3.5001000e-01
   2.5559000e+00   3.3605000e+00   2.0321000e+00   2.6809000e-01
   5.1950000e-01  -3.2633000e+00   3.0895000e+00  -9.8490000e-01
   4.0932000e+00   5.4132000e+00  -1.8219000e+00   2.3576000e-01
   5.2012000e+00   3.2694000e-01   1.7965000e-01   1.1797000e+00
   4.8451000e+00   8.1116000e+00  -2.9512000e+00  -1.4724000e+00
   5.1213000e+00   8.5565000e+00  -3.3917000e+00  -1.5474000e+00
   4.0498000e-02   8.5234000e+00   1.4461000e+00  -3.9306000e+00
   3.7984000e-01   7.0975000e-01   7.5716000e-01  -4.4441000e-01
   2.8672000e+00   1.0000800e+01  -3.2049000e+00  -3.1095000e+00
  -2.7143000e+00   1.1453500e+01   2.1092000e+00  -3.9629000e+00
   2.7961000e+00   2.1210000e+00   1.8385000e+00   3.8317000e-01
  -7.0560000e-01   8.7241000e+00   2.2215000e+00  -4.5965000e+00
   9.2703000e-01   9.4318000e+00  -6.6263000e-01  -1.6728000e+00
  -2.4473000e+00   1.2624700e+01   7.3573000e-01  -7.6612000e+00
   6.6191000e-01   9.6594000e+00  -2.8819000e-01  -1.6638000e+00
   4.9852000e+00   8.3516000e+00  -2.5425000e+00  -1.2823000e+00
   4.6499000e+00   7.6336000e+00  -1.9427000e+00  -3.7458000e-01
   8.5574000e-01   8.2678000e-03   6.6042000e+00  -5.3104000e-01
   4.0422000e+00  -4.3910000e+00   4.7466000e+00   1.1370000e+00
   3.8478000e-01   6.5989000e+00  -3.3360000e-01  -5.6466000e-01
   2.3969000e+00   2.3589000e-01   4.8477000e+00   1.4370000e+00
   4.0127000e+00   1.0147700e+01  -3.9366000e+00  -4.0728000e+00
   3.9310000e+00   1.8541000e+00  -2.3425000e-02   1.2314000e+00
   3.2414000e+00   4.0971000e-01   1.4015000e+00   1.1952000e+00
  -1.3971000e+00   3.3191000e+00  -1.3927000e+00  -1.9948000e+00
  -1.6677000e+00  -7.1535000e+00   7.8929000e+00   9.6765000e-01
  -3.5681000e+00  -8.2130000e+00   1.0083000e+01   9.6765000e-01
  -1.7582000e+00   2.7397000e+00  -2.5323000e+00  -2.2340000e+00
   3.4340000e-01   1.2415000e-01  -2.8733000e-01   1.4654000e-01
  -2.4115000e+00  -9.1359000e+00   9.3444000e+00  -6.5259000e-01
  -6.1442000e-01  -9.1058000e-02  -3.1818000e-01   5.0214000e-01
  -5.9034000e+00   6.5679000e+00   6.7661000e-01  -6.6797000e+00
  -7.7461000e-01  -1.8768000e+00   2.4023000e+00   1.1319000e+00
  -3.5801000e+00  -1.2930900e+01   1.3177900e+01  -2.5677000e+00
  -3.4810000e-01  -3.8696000e-01  -4.7841000e-01   6.2627000e-01
  -3.4083000e+00   4.8587000e+00  -7.6888000e-01  -4.8668000e+00
  -2.0962000e+00  -7.1059000e+00   6.6188000e+00  -3.3708000e-01
  -4.7465000e-01  -4.3496000e+00   1.9901000e+00   7.5170000e-01
   1.1644000e+00   3.8095000e+00  -4.9408000e+00  -4.0909000e+00
  -2.7338000e+00   4.5523000e-01   2.4391000e+00   2.1766000e-01
  -1.6244000e+00  -6.3444000e+00   4.6575000e+00   1.6981000e-01
   1.6408000e+00   4.2503000e+00  -4.9023000e+00  -2.6621000e+00
  -5.4901000e+00   9.1048000e+00  -3.8758000e-01  -5.9763000e+00
  -2.0631000e+00  -1.5147000e+00   1.2190000e+00   4.4524000e-01
   6.0050000e-01   1.9327000e+00  -3.2888000e+00  -3.2415000e-01
  -2.8015000e-01   3.0729000e+00  -3.3857000e+00  -2.9155000e+00
  -6.2003000e+00   8.6806000e+00   9.1344000e-03  -3.7030000e+00
  -3.0265000e+00  -6.2088000e-02   6.8604000e-01  -5.5186000e-02
  -6.4326000e-01   2.4748000e+00  -2.9452000e+00  -1.0276000e+00
  -2.0659000e+00   1.0512000e+00  -4.6298000e-01  -1.0974000e+00
  -1.2568000e+00  -1.4733000e+00   2.8718000e+00   4.4653000e-01
  -4.8554000e+00  -5.9037000e+00   1.0981800e+01  -8.2199000e-01
   2.4394000e-01   1.4733000e+00  -1.4192000e+00  -5.8535000e-01
  -4.0025000e+00  -1.3497900e+01   1.7677200e+01  -3.3202000e+00
  -3.0731000e+00  -5.3181000e-01   2.3877000e+00   7.7627000e-01
  -4.2940000e-01  -1.4693000e-01   4.4265000e-02  -1.5605000e-01
  -4.2110000e+00  -1.2473600e+01   1.4970400e+01  -1.3884000e+00
  -2.5912000e+00  -1.0554000e-01   1.2798000e+00   1.0414000e+00
  -1.4427000e+00   3.2922000e+00  -1.9702000e+00  -3.4392000e+00
  -1.5220000e+00  -6.6383000e+00   5.7491000e+00  -1.0691000e-01
  -1.7263000e+00  -6.0237000e+00   5.2419000e+00   2.9524000e-01
  -8.9569000e-01   3.0025000e+00  -3.6067000e+00  -3.4457000e+00
  -2.3211000e+00   3.1660000e+00  -1.0002000e+00  -2.7151000e+00
  -2.2580000e+00  -9.3263000e+00   9.3727000e+00  -8.5949000e-01
  -1.8969000e+00  -6.7893000e+00   5.2761000e+00  -3.2544000e-01
   9.6613000e-03   3.5612000e+00  -4.4070000e+00  -4.4103000e+00
  -2.1405000e+00  -1.6762000e-01   1.3210000e+00  -2.0906000e-01
  -2.9098000e+00  -1.0071200e+01   8.4156000e+00  -1.9948000e+00
   8.3625000e-01   1.1071000e+00  -2.4706000e+00  -6.2945000e-02
  -4.8861000e+00   7.0542000e+00  -1.7252000e-01  -6.9590000e+00
  -2.5754000e+00  -5.6574000e+00   6.1030000e+00   6.5214000e-01
   2.4261000e-01   5.7318000e-01  -1.9402000e+00   4.4007000e-01
   2.5943000e-01   5.0097000e+00  -5.0394000e+00  -6.3862000e+00
  -3.4605000e+00   2.6901000e+00   1.6165000e-01  -1.0224000e+00
  -1.2424000e+00  -1.7175000e+00  -5.2553000e-01  -2.1036000e-01
   5.9823000e-01   3.5012000e+00  -3.9795000e+00  -1.7841000e+00
  -4.1409000e+00   3.4619000e+00  -4.7841000e-01  -3.8879000e+00
  -4.4996000e+00   3.4288000e+00   5.6265000e-01  -1.1672000e+00
  -1.9423000e+00   3.7660000e-01  -1.2898000e+00  -8.2458000e-01
  -9.5403000e-01   1.9824000e+00  -2.3163000e+00  -1.1957000e+00
  -2.7990000e+00   1.9679000e+00  -4.2357000e-01  -2.1125000e+00
  -3.5916000e+00  -6.2285000e+00   1.0238900e+01  -1.1543000e+00
  -3.2854000e+00   4.0372000e+00  -4.5356000e-01  -1.8228000e+00
  -2.3518000e+00  -4.8359000e+00   6.6479000e+00  -6.0358000e-02
  -4.3876000e+00  -7.7267000e+00   1.1965500e+01  -1.4543000e+00
  -1.0112000e+00   2.9984000e+00  -1.1664000e+00  -1.6185000e+00
  -1.6514000e+00  -8.4985000e+00   9.1122000e+00   1.2379000e+00
  -2.5701000e+00  -6.8452000e+00   8.9999000e+00   2.1353000e+00
  -1.6637000e+00   3.2881000e+00  -2.2701000e+00  -2.2224000e+00
   2.1431000e-01  -6.9529000e-01   8.7711000e-01   2.9653000e-01
  -1.8391000e+00  -9.0883000e+00   9.2416000e+00  -1.0432000e-01
   4.0545000e-03   6.2905000e-01  -6.4121000e-01   7.5817000e-01
  -5.2406000e+00   6.6258000e+00  -1.9908000e-01  -6.8607000e+00
  -6.5767000e-01  -2.8018000e+00   3.7115000e+00   9.9739000e-01
  -2.8957000e+00  -1.2020500e+01   1.1914900e+01  -2.7552000e+00
   5.0225000e-01   6.5388000e-01  -1.1793000e+00   3.9998000e-01
  -2.9146000e+00   4.0537000e+00  -4.5699000e-01  -4.0327000e+00
  -1.7860000e+00  -8.1157000e+00   7.0858000e+00  -1.2112000e+00
   5.5298000e-01  -3.4619000e+00   1.7048000e+00   1.1008000e+00
   1.2279000e+00   4.0309000e+00  -4.6435000e+00  -3.9125000e+00
  -2.5346000e+00  -7.7392000e-01   3.3602000e+00   1.7100000e-03
  -5.3900000e-01  -5.1670000e+00   3.4399000e+00   5.2141000e-02
   2.3917000e+00   4.5565000e+00  -4.9888000e+00  -2.8987000e+00
  -5.4808000e+00   8.1819000e+00   2.7818000e-01  -5.0323000e+00
  -1.4174000e+00  -2.2535000e+00   1.5180000e+00   6.1981000e-01
   1.5904000e+00   2.2121000e+00  -3.1183000e+00  -1.1725000e-01
  -2.3356000e-01   3.2405000e+00  -3.0669000e+00  -2.7784000e+00
  -6.1536000e+00   7.9295000e+00   6.1663000e-01  -3.2646000e+00
  -2.2214000e+00  -2.3798000e-01   5.6008000e-01   5.6020000e-02
   2.6517000e-01   2.4066000e+00  -2.8416000e+00  -5.9958000e-01
  -1.6176000e+00   1.0926000e+00  -3.5502000e-01  -5.9958000e-01
  -1.2786000e+00  -2.4087000e+00   4.5735000e+00   4.7627000e-01
  -4.3773000e+00  -5.5167000e+00   1.0939000e+01  -4.0820000e-01
   1.8868000e-01   7.0148000e-01  -5.1182000e-01   5.5892000e-03
  -3.3793000e+00  -1.3773100e+01   1.7927400e+01  -2.0323000e+00
  -2.1210000e+00  -5.5880000e-02   1.9490000e+00   1.3530000e+00
  -1.2852000e-03   1.3863000e-01  -1.9651000e-01   8.1754000e-03
  -3.4917000e+00  -1.2173600e+01   1.4368900e+01  -6.1639000e-01
  -2.0891000e+00  -4.8422000e-01   1.7040000e+00   1.7435000e+00
  -1.2846000e+00   3.2715000e+00  -1.7671000e+00  -3.2608000e+00
  -1.0292000e+00  -6.3879000e+00   5.5255000e+00   7.9955000e-01
  -1.0744000e+00  -6.3113000e+00   5.3550000e+00   8.0472000e-01
  -3.6372000e-01   3.0439000e+00  -3.4816000e+00  -2.7836000e+00
  -2.2501000e+00   3.3129000e+00  -8.8369000e-01  -2.8974000e+00
  -1.8076000e+00  -8.8131000e+00   8.7086000e+00  -2.1682000e-01
  -1.4106000e+00  -7.1080000e+00   5.6454000e+00   3.1335000e-01
   4.8797000e-01   3.5674000e+00  -4.3882000e+00  -3.8116000e+00
  -1.9555000e+00   2.0692000e-01   1.2473000e+00  -3.7070000e-01
  -2.3299000e+00  -9.9532000e+00   8.4756000e+00  -1.8733000e+00
   1.3518000e+00   1.0595000e+00  -2.3437000e+00   3.9998000e-01
  -5.0301000e+00   7.5032000e+00  -1.3396000e-01  -7.5034000e+00
  -2.2987000e+00  -5.2270000e+00   5.6300000e+00   9.1722000e-01
   7.5896000e-01   2.9176000e-01  -1.6506000e+00   8.3834000e-01
   6.3655000e-01   5.2022000e+00  -5.2159000e+00  -6.1211000e+00
  -3.5180000e+00   2.8763000e+00   1.5480000e-01  -1.2086000e+00
  -6.9745000e-01  -1.7672000e+00  -3.4474000e-01  -1.2372000e-01
   8.4546000e-01   3.4826000e+00  -3.6307000e+00  -1.3961000e+00
  -3.6817000e+00   3.2239000e+00  -6.9347000e-01  -3.4004000e+00
  -4.5770000e+00   3.4515000e+00   6.6719000e-01  -9.4742000e-01
  -1.4781000e+00   1.4277000e-01  -1.1622000e+00  -4.8579000e-01
  -8.7340000e-01   1.6533000e+00  -2.1964000e+00  -7.8061000e-01
  -2.3142000e+00   2.0838000e+00  -4.6813000e-01  -1.6767000e+00
  -3.0866000e+00  -6.6362000e+00   1.0540500e+01  -8.9182000e-01
  -2.8829000e+00   3.8964000e+00  -1.8880000e-01  -1.1672000e+00
  -1.7104000e+00  -4.7780000e+00   6.2109000e+00   3.9740000e-01
  -3.7181000e+00  -8.5089000e+00   1.2363000e+01  -9.5518000e-01
  -9.8193000e-01   2.7956000e+00  -1.2341000e+00  -1.5668000e+00
  -1.9409000e+00  -8.6848000e+00   9.1550000e+00   9.4049000e-01
  -2.9915000e+00  -6.6258000e+00   8.6521000e+00   1.8198000e+00
  -2.2677000e+00   3.2964000e+00  -2.2563000e+00  -2.4642000e+00
   1.4329000e-01  -1.0885000e+00   1.0039000e+00   4.8791000e-01
  -2.0042000e+00  -9.3676000e+00   9.3333000e+00  -1.0303000e-01
  -4.0804000e-01   5.4214000e-01  -5.2725000e-01   6.5860000e-01
  -4.8392000e+00   6.6755000e+00  -2.4278000e-01  -6.5775000e+00
  -6.6008000e-01  -3.2260000e+00   3.8058000e+00   1.1836000e+00
  -3.0061000e+00  -1.2237700e+01   1.1955200e+01  -2.1603000e+00
   1.1806000e-01   3.9108000e-01  -9.8223000e-01   4.2843000e-01
  -2.7264000e+00   3.9213000e+00  -4.9212000e-01  -3.6371000e+00
  -1.8439000e+00  -8.6475000e+00   7.6796000e+00  -6.6682000e-01
   1.6358000e-01  -3.3584000e+00   1.3749000e+00   1.3569000e+00
   6.7886000e-01   4.1199000e+00  -4.5690000e+00  -4.1414000e+00
  -2.3898000e+00  -7.8427000e-01   3.0141000e+00   7.6205000e-01
  -7.0867000e-01  -5.5602000e+00   4.0483000e+00   9.0300000e-01
   1.7875000e+00   4.7800000e+00  -5.1362000e+00  -3.2362000e+00
  -5.1661000e+00   8.0433000e+00   4.4265000e-02  -4.4983000e+00
  -1.4904000e+00  -2.2183000e+00   1.6054000e+00   8.9394000e-01
   8.8992000e-01   2.2638000e+00  -3.1046000e+00  -1.1855000e-01
  -8.4710000e-01   3.1329000e+00  -3.0112000e+00  -2.9388000e+00
  -5.8818000e+00   7.6584000e+00   5.5580000e-01  -2.9155000e+00
  -2.4198000e+00  -2.4418000e-01   7.0146000e-01   4.1809000e-01
  -3.0432000e-01   2.6528000e+00  -2.7756000e+00  -6.5647000e-01
  -2.1059000e+00   1.1815000e+00  -5.3324000e-01  -8.2716000e-01
  -1.5621000e+00  -2.2121000e+00   4.2591000e+00   2.7972000e-01
  -4.8426000e+00  -4.9932000e+00   1.0405200e+01  -5.3104000e-01
  -1.1716000e-01   6.0422000e-01  -3.8587000e-01  -5.9065000e-02
  -3.6961000e+00  -1.3677900e+01   1.7579500e+01  -2.6181000e+00
  -2.6286000e+00   1.8002000e-01   1.7956000e+00   9.7282000e-01
   3.1803000e-01  -9.9326000e-01   1.0947000e+00   8.8619000e-01
  -3.1423000e+00  -1.3036500e+01   1.5677300e+01  -6.6165000e-01
  -1.3660000e+00   1.8416000e-01   9.0539000e-01   1.5806000e+00
  -4.1965000e-01   2.9094000e+00  -1.7859000e+00  -2.2069000e+00
  -5.5355000e-01  -7.9233000e+00   6.7156000e+00   7.4394000e-01
  -3.7013000e-01  -5.5540000e+00   4.7749000e+00   1.5470000e+00
  -2.7068000e-01   3.2674000e+00  -3.5562000e+00  -3.0888000e+00
  -1.3946000e+00   2.3134000e+00  -4.4499000e-01  -1.4905000e+00
  -1.4800000e+00  -1.0524400e+01   9.9176000e+00  -5.0260000e-01
  -6.2684000e-01  -6.3010000e+00   4.7843000e+00   1.1060000e+00
   6.4376000e-01   3.7640000e+00  -4.4738000e+00  -4.0483000e+00
  -1.4628000e+00  -1.5706000e+00   2.4357000e+00   4.9826000e-01
  -1.5572000e+00  -9.8808000e+00   8.1088000e+00  -1.0806000e+00
   2.0177000e+00   1.7982000e+00  -2.9581000e+00   2.0990000e-01
  -4.3667000e+00   6.0692000e+00   5.7208000e-01  -5.4668000e+00
  -1.8046000e+00  -6.8141000e+00   6.7019000e+00   1.1681000e+00
   1.4378000e+00   6.6837000e-01  -2.0267000e+00   1.0271000e+00
   7.3760000e-01   4.8525000e+00  -4.7986000e+00  -5.6659000e+00
  -3.0193000e+00   1.7775000e+00   7.3745000e-01  -4.5346000e-01
  -1.2690000e-01  -1.1505000e+00  -9.5138000e-01   5.7843000e-01
   1.4501000e+00   3.6067000e+00  -4.0557000e+00  -1.5966000e+00
  -3.8952000e+00   3.8157000e+00  -3.1304000e-01  -3.8194000e+00
  -4.1429000e+00   2.7749000e+00   6.8261000e-01  -7.1984000e-01
  -1.0555000e+00   7.9459000e-01  -1.6968000e+00  -4.6768000e-01
  -4.9948000e-01   1.7734000e+00  -2.2469000e+00  -6.8104000e-01
  -1.9389000e+00   1.5706000e+00   4.5979000e-02  -1.1220000e+00
  -3.1875000e+00  -7.5756000e+00   1.1867800e+01  -5.7889000e-01
  -2.0285000e+00   3.8468000e+00  -6.3435000e-01  -1.1750000e+00
  -1.7589000e+00  -6.4624000e+00   8.4773000e+00   3.1981000e-01
  -3.3582000e+00  -7.2404000e+00   1.1441900e+01  -5.7113000e-01
  -2.1802000e+00   3.3791000e+00  -1.2256000e+00  -2.6621000e+00
  -2.2918000e+00  -7.2570000e+00   7.9597000e+00   9.2110000e-01
  -3.3884000e+00  -8.2150000e+00   1.0331500e+01   9.8187000e-01
  -1.7063000e+00   2.7956000e+00  -2.3780000e+00  -2.3491000e+00
  -4.1645000e-01   3.2487000e-01  -3.3617000e-01  -3.6036000e-01
  -2.5961000e+00  -9.3490000e+00   9.7942000e+00  -2.8018000e-01
  -5.3072000e-01  -9.7265000e-02  -2.1793000e-01   1.0426000e+00
  -6.5773000e+00   6.8017000e+00   8.5483000e-01  -7.5344000e+00
  -1.3995000e+00  -1.9162000e+00   2.5154000e+00   5.9912000e-01
  -3.7300000e+00  -1.2972300e+01   1.2981700e+01  -2.6840000e+00
  -2.6654000e-01  -6.4562000e-01  -4.2014000e-01   8.9136000e-01
  -4.2091000e+00   4.7283000e+00  -4.9126000e-01  -5.2159000e+00
  -2.4835000e+00  -7.4494000e+00   6.8964000e+00  -6.4484000e-01
  -3.6025000e-01  -4.4490000e+00   2.1067000e+00   9.4308000e-01
   9.6708000e-01   3.8426000e+00  -4.9314000e+00  -4.1323000e+00
  -3.3203000e+00  -2.6910000e-02   2.9618000e+00  -4.4958000e-01
  -1.5951000e+00  -6.5720000e+00   4.7689000e+00  -9.4354000e-01
   1.7331000e+00   3.9544000e+00  -4.7412000e+00  -2.5017000e+00
  -6.3364000e+00   9.2848000e+00   1.4275000e-02  -6.7844000e+00
  -2.1979000e+00  -2.1252000e+00   1.7151000e+00   4.5171000e-01
   7.4067000e-01   1.7299000e+00  -3.1963000e+00  -1.4570000e-01
  -3.4890000e-01   3.1929000e+00  -3.4054000e+00  -3.1832000e+00
  -6.9599000e+00   8.9931000e+00   2.1820000e-01  -4.5720000e+00
  -3.2051000e+00  -1.4279000e-01   9.7565000e-01   4.5675000e-02
  -5.9587000e-01   2.4811000e+00  -2.8673000e+00  -8.9828000e-01
  -2.0754000e+00   1.2767000e+00  -6.4206000e-01  -1.2642000e+00
  -2.2183000e+00  -1.2540000e+00   2.9986000e+00   3.6378000e-01
  -5.0477000e+00  -5.8023000e+00   1.1244000e+01  -3.9010000e-01
  -7.3510000e-01   1.7361000e+00  -1.4938000e+00  -1.1582000e+00
  -4.2440000e+00  -1.3063400e+01   1.7111600e+01  -2.8017000e+00
  -3.0201000e+00  -6.7253000e-01   2.7056000e+00   8.5774000e-01
  -8.3121000e-01   3.9307000e-02   5.3690000e-02  -2.3105000e-01
  -4.4018000e+00  -1.2937100e+01   1.5655900e+01  -1.6806000e+00
  -2.4725000e+00  -4.0145000e-01   1.4855000e+00   1.1189000e+00
  -2.0149000e+00   3.6874000e+00  -1.9385000e+00  -3.8918000e+00
  -1.7886000e+00  -6.3486000e+00   5.6154000e+00   4.2584000e-01
  -1.8343000e+00  -6.5907000e+00   5.6429000e+00   5.4998000e-01
  -7.0346000e-01   2.9570000e+00  -3.5947000e+00  -3.1457000e+00
  -2.7723000e+00   3.2777000e+00  -9.3510000e-01  -3.1457000e+00
  -2.4349000e+00  -9.2497000e+00   8.9922000e+00  -5.0001000e-01
  -1.9551000e+00  -6.9756000e+00   5.5383000e+00  -1.2889000e-01
   2.5013000e-02   3.3998000e+00  -4.4327000e+00  -4.2655000e+00
  -2.4560000e+00  -2.4418000e-01   1.4041000e+00  -4.5863000e-01
  -2.9662000e+00  -1.0325700e+01   8.7840000e+00  -2.1138000e+00
   6.0050000e-01   9.9945000e-01  -2.2126000e+00   9.7399000e-02
  -5.4414000e+00   7.2363000e+00   1.0938000e-01  -7.5642000e+00
  -2.7769000e+00  -5.6967000e+00   5.9179000e+00   3.7671000e-01
   3.0081000e-01   1.7381000e-01  -1.7542000e+00   4.8921000e-01
   2.6877000e-01   4.9870000e+00  -5.1508000e+00  -6.3913000e+00
  -4.0679000e+00   2.4955000e+00   7.9571000e-01  -1.1039000e+00
  -1.3414000e+00  -1.9162000e+00  -1.5538000e-01  -1.1984000e-01
   6.2120000e-01   3.6771000e+00  -4.0771000e+00  -2.0711000e+00
  -4.1244000e+00   3.7909000e+00  -6.5320000e-01  -4.1802000e+00
  -4.9462000e+00   3.5716000e+00   8.2742000e-01  -1.4957000e+00
  -2.0662000e+00   1.6967000e-01  -1.0054000e+00  -8.2975000e-01
  -1.0941000e+00   2.3072000e+00  -2.5237000e+00  -1.4453000e+00
  -3.5510000e+00   1.8955000e+00   1.8650000e-01  -2.4409000e+00
  -3.6053000e+00  -5.9740000e+00   1.0091600e+01  -8.2846000e-01
  -3.9204000e+00   4.0723000e+00  -2.3678000e-01  -2.1151000e+00
  -2.4561000e+00  -4.5566000e+00   6.4534000e+00  -5.6479000e-02
  -4.1958000e+00  -8.1819000e+00   1.2129100e+01  -1.6017000e+00
  -2.4365000e+00   3.6026000e+00  -1.4166000e+00  -2.8948000e+00
  -2.7083000e+00  -6.8266000e+00   7.5339000e+00   5.9007000e-01
  -3.8894000e+00  -7.8322000e+00   9.8208000e+00   4.7498000e-01
  -2.1652000e+00   3.0211000e+00  -2.4132000e+00  -2.4241000e+00
  -6.2043000e-01   5.5870000e-01  -3.8587000e-01  -6.6423000e-01
  -3.0000000e+00  -9.1566000e+00   9.5766000e+00  -7.3018000e-01
  -1.0050000e+00   8.4831000e-02  -2.4620000e-01   4.5688000e-01
  -6.6510000e+00   6.7934000e+00   6.8604000e-01  -7.5887000e+00
  -1.4377000e+00  -1.4320000e+00   2.1144000e+00   4.2067000e-01
  -3.9411000e+00  -1.2879200e+01   1.3059700e+01  -3.3125000e+00
  -7.4324000e-01  -3.2902000e-01  -4.2785000e-01   2.3317000e-01
  -4.2333000e+00   4.9166000e+00  -4.9212000e-01  -5.3207000e+00
  -2.5526000e+00  -7.3625000e+00   6.9255000e+00  -6.6811000e-01
  -8.9809000e-01  -4.4862000e+00   2.2009000e+00   5.0731000e-01
   5.3936000e-01   3.8944000e+00  -4.8166000e+00  -4.3418000e+00
  -3.3553000e+00   3.5591000e-01   2.6473000e+00  -3.7846000e-01
  -1.9983000e+00  -6.6072000e+00   4.8254000e+00  -4.1984000e-01
   1.2080000e+00   4.0744000e+00  -4.7635000e+00  -2.6129000e+00
  -6.4247000e+00   9.5311000e+00   2.2844000e-02  -6.8517000e+00
  -2.6590000e+00  -1.6058000e+00   1.3647000e+00   1.6464000e-01
   1.1032000e-01   1.9741000e+00  -3.3668000e+00  -6.5259000e-01
  -7.6794000e-01   3.4598000e+00  -3.4405000e+00  -3.4276000e+00
  -7.0364000e+00   9.2931000e+00   1.6594000e-01  -4.5396000e+00
  -3.5933000e+00   2.2968000e-01   7.1260000e-01  -3.3320000e-01
  -9.6070000e-01   2.6963000e+00  -3.1226000e+00  -1.3121000e+00
  -2.3277000e+00   1.4381000e+00  -8.2114000e-01  -1.2862000e+00
  -2.5724000e+00  -9.5602000e-01   2.7073000e+00  -1.6639000e-01
  -5.2943000e+00  -5.1463000e+00   1.0333200e+01  -1.1181000e+00
  -1.2244000e+00   1.7485000e+00  -1.4801000e+00  -1.4181000e+00
  -4.6338000e+00  -1.2750900e+01   1.6716600e+01  -3.2168000e+00
  -3.3458000e+00  -5.0491000e-01   2.6328000e+00   5.3705000e-01
   5.5939000e-01  -3.1040000e-01   1.8307000e-01   4.4653000e-01
  -3.5060000e+00  -1.2566700e+01   1.5160600e+01  -7.5216000e-01
  -1.6029000e+00  -3.8903000e-01   1.6200000e+00   1.9103000e+00
  -4.9281000e-01   3.0605000e+00  -1.8356000e+00  -2.8340000e+00
  -7.2068000e-01  -6.7583000e+00   5.8408000e+00   6.2369000e-01
  -9.7325000e-01  -6.4168000e+00   5.6026000e+00   1.0323000e+00
   6.2525000e-02   2.9301000e+00  -3.5467000e+00  -2.6737000e+00
  -1.2943000e+00   2.6735000e+00  -8.4085000e-01  -2.0323000e+00
  -1.3968000e+00  -9.6698000e+00   9.4652000e+00  -3.4872000e-01
  -1.1005000e+00  -7.2508000e+00   6.0139000e+00   3.6895000e-01
   9.0407000e-01   3.3708000e+00  -4.4987000e+00  -3.6965000e+00
  -1.0833000e+00  -3.1247000e-01   1.2815000e+00   4.1291000e-01
  -2.0545000e+00  -1.0867900e+01   9.4926000e+00  -1.4116000e+00
   1.5810000e+00   8.6909000e-01  -2.3138000e+00   8.2412000e-01
  -4.1479000e+00   7.1225000e+00  -8.3404000e-02  -6.4172000e+00
  -1.7479000e+00  -5.8230000e+00   5.8699000e+00   1.2120000e+00
   1.3451000e+00   2.3589000e-01  -1.8785000e+00   1.3258000e+00
   1.2572000e+00   4.8731000e+00  -5.2861000e+00  -5.8741000e+00
  -2.9786000e+00   2.3445000e+00   5.2667000e-01  -4.0173000e-01
  -2.1888000e-01  -2.2038000e+00  -9.5400000e-02   5.6421000e-01
   1.4896000e+00   3.4288000e+00  -4.0309000e+00  -1.4259000e+00
  -3.3924000e+00   3.3564000e+00  -7.2004000e-01  -3.5233000e+00
  -4.0786000e+00   2.9239000e+00   8.7026000e-01  -6.5389000e-01
  -1.0116000e+00  -1.9038000e-01  -9.0597000e-01   3.0030000e-03
  -2.4745000e-01   1.9368000e+00  -2.4697000e+00  -8.0518000e-01
  -2.1668000e+00   1.5933000e+00   4.5122000e-02  -1.6780000e+00
  -2.8391000e+00  -6.6300000e+00   1.0484900e+01  -4.2113000e-01
  -2.4100000e+00   3.7433000e+00  -4.0215000e-01  -1.2953000e+00
  -1.3887000e+00  -4.8773000e+00   6.4774000e+00   3.4179000e-01
  -3.5637000e+00  -8.3827000e+00   1.2393000e+01  -1.2823000e+00
   0.0000000e+00
   0.0000000e+00
   0.0000000e+00
   0.0000000e+00
   0.0000000e+00
   0.0000000e+00
   0.0000000e+00
   0.0000000e+00
   0.0000000e+00
   0.0000000e+00
   0.0000000e+00
   0.0000000e+00
   0.0000000e+00
   0.0000000e+00
   0.0000000e+00
   0.0000000e+00
   0.0000000e+00
   0.0000000e+00
   0.0000000e+00
   0.0000000e+00
   0.0000000e+00
   0.0000000e+00
   0.0000000e+00
   0.0000000e+00
   0.0000000e+00
   0.0000000e+00
   0.0000000e+00
   0.0000000e+00
   0.0000000e+00
   0.0000000e+00
   0.0000000e+00
   0.0000000e+00
   0.0000000e+00
   0.0000000e+00
   0.0000000e+00
   0.0000000e+00
   0.0000000e+00
   0.0000000e+00
   0.0000000e+00
   0.0000000e+00
   0.0000000e+00
   0.0000000e+00
   0.0000000e+00
   0.0000000e+00
   0.0000000e+00
   0.0000000e+00
   0.0000000e+00
   0.0000000e+00
   0.0000000e+00
   0.0000000e+00
   0.0000000e+00
   0.0000000e+00
   0.0000000e+00
   0.0000000e+00
   0.0000000e+00
   0.0000000e+00
   0.0000000e+00
   0.0000000e+00
   0.0000000e+00
   0.0000000e+00
   0.0000000e+00
   0.0000000e+00
   0.0000000e+00
   0.0000000e+00
   0.0000000e+00
   0.0000000e+00
   0.0000000e+00
   0.0000000e+00
   0.0000000e+00
   0.0000000e+00
   0.0000000e+00
   0.0000000e+00
   0.0000000e+00
   0.0000000e+00
   0.0000000e+00
   0.0000000e+00
   0.0000000e+00
   0.0000000e+00
   0.0000000e+00
   0.0000000e+00
   0.0000000e+00
   0.0000000e+00
   0.0000000e+00
   0.0000000e+00
   0.0000000e+00
   0.0000000e+00
   0.0000000e+00
   0.0000000e+00
   0.0000000e+00
   0.0000000e+00
   0.0000000e+00
   0.0000000e+00
   0.0000000e+00
   0.0000000e+00
   0.0000000e+00
   0.0000000e+00
   0.0000000e+00
   0.0000000e+00
   0.0000000e+00
   0.0000000e+00
   0.0000000e+00
   0.0000000e+00
   0.0000000e+00
   0.0000000e+00
   0.0000000e+00
   0.0000000e+00
   0.0000000e+00
   0.0000000e+00
   0.0000000e+00
   0.0000000e+00
   0.0000000e+00
   0.0000000e+00
   0.0000000e+00
   0.0000000e+00
   0.0000000e+00
   0.0000000e+00
   0.0000000e+00
   0.0000000e+00
   0.0000000e+00
   0.0000000e+00
   0.0000000e+00
   0.0000000e+00
   0.0000000e+00
   0.0000000e+00
   0.0000000e+00
   0.0000000e+00
   0.0000000e+00
   0.0000000e+00
   0.0000000e+00
   0.0000000e+00
   0.0000000e+00
   0.0000000e+00
   0.0000000e+00
   0.0000000e+00
   0.0000000e+00
   0.0000000e+00
   0.0000000e+00
   0.0000000e+00
   0.0000000e+00
   0.0000000e+00
   0.0000000e+00
   0.0000000e+00
   0.0000000e+00
   0.0000000e+00
   0.0000000e+00
   0.0000000e+00
   0.0000000e+00
   0.0000000e+00
   0.0000000e+00
   0.0000000e+00
   0.0000000e+00
   0.0000000e+00
   0.0000000e+00
   0.0000000e+00
   0.0000000e+00
   0.0000000e+00
   0.0000000e+00
   0.0000000e+00
   0.0000000e+00
   0.0000000e+00
   0.0000000e+00
   0.0000000e+00
   0.0000000e+00
   0.0000000e+00
   0.0000000e+00
   0.0000000e+00
   0.0000000e+00
   0.0000000e+00
   0.0000000e+00
   0.0000000e+00
   0.0000000e+00
   0.0000000e+00
   0.0000000e+00
   0.0000000e+00
   0.0000000e+00
   0.0000000e+00
   0.0000000e+00
   0.0000000e+00
   0.0000000e+00
   0.0000000e+00
   0.0000000e+00
   0.0000000e+00
   0.0000000e+00
   0.0000000e+00
   0.0000000e+00
   0.0000000e+00
   0.0000000e+00
   0.0000000e+00
   0.0000000e+00
   0.0000000e+00
   0.0000000e+00
   0.0000000e+00
   0.0000000e+00
   0.0000000e+00
   0.0000000e+00
   0.0000000e+00
   0.0000000e+00
   0.0000000e+00
   0.0000000e+00
   0.0000000e+00
   0.0000000e+00
   0.0000000e+00
   0.0000000e+00
   0.0000000e+00
   0.0000000e+00
   0.0000000e+00
   0.0000000e+00
   0.0000000e+00
   0.0000000e+00
   0.0000000e+00
   0.0000000e+00
   0.0000000e+00
   0.0000000e+00
   0.0000000e+00
   0.0000000e+00
   0.0000000e+00
   0.0000000e+00
   0.0000000e+00
   0.0000000e+00
   0.0000000e+00
   0.0000000e+00
   0.0000000e+00
   0.0000000e+00
   0.0000000e+00
   0.0000000e+00
   0.0000000e+00
   0.0000000e+00
   0.0000000e+00
   0.0000000e+00
   0.0000000e+00
   0.0000000e+00
   0.0000000e+00
   0.0000000e+00
   0.0000000e+00
   0.0000000e+00
   0.0000000e+00
   0.0000000e+00
   0.0000000e+00
   0.0000000e+00
   0.0000000e+00
   0.0000000e+00
   0.0000000e+00
   0.0000000e+00
   0.0000000e+00
   0.0000000e+00
   0.0000000e+00
   0.0000000e+00
   0.0000000e+00
   0.0000000e+00
   0.0000000e+00
   0.0000000e+00
   0.0000000e+00
   0.0000000e+00
   0.0000000e+00
   0.0000000e+00
   0.0000000e+00
   0.0000000e+00
   0.0000000e+00
   0.0000000e+00
   0.0000000e+00
   0.0000000e+00
   0.0000000e+00
   0.0000000e+00
   0.0000000e+00
   0.0000000e+00
   0.0000000e+00
   0.0000000e+00
   0.0000000e+00
   0.0000000e+00
   0.0000000e+00
   0.0000000e+00
   0.0000000e+00
   0.0000000e+00
   0.0000000e+00
   0.0000000e+00
   0.0000000e+00
   0.0000000e+00
   0.0000000e+00
   0.0000000e+00
   0.0000000e+00
   0.0000000e+00
   0.0000000e+00
   0.0000000e+00
   0.0000000e+00
   0.0000000e+00
   0.0000000e+00
   0.0000000e+00
   0.0000000e+00
   0.0000000e+00
   0.0000000e+00
   0.0000000e+00
   0.0000000e+00
   0.0000000e+00
   0.0000000e+00
   0.0000000e+00
   0.0000000e+00
   0.0000000e+00
   0.0000000e+00
   0.0000000e+00
   0.0000000e+00
   0.0000000e+00
   0.0000000e+00
   0.0000000e+00
   0.0000000e+00
   0.0000000e+00
   0.0000000e+00
   0.0000000e+00
   0.0000000e+00
   0.0000000e+00
   0.0000000e+00
   0.0000000e+00
   0.0000000e+00
   0.0000000e+00
   0.0000000e+00
   0.0000000e+00
   0.0000000e+00
   0.0000000e+00
   0.0000000e+00
   0.0000000e+00
   0.0000000e+00
   0.0000000e+00
   0.0000000e+00
   0.0000000e+00
   0.0000000e+00
   0.0000000e+00
   0.0000000e+00
   0.0000000e+00
   0.0000000e+00
   0.0000000e+00
   0.0000000e+00
   0.0000000e+00
   0.0000000e+00
   0.0000000e+00
   0.0000000e+00
   0.0000000e+00
   0.0000000e+00
   0.0000000e+00
   0.0000000e+00
   0.0000000e+00
   0.0000000e+00
   0.0000000e+00
   0.0000000e+00
   0.0000000e+00
   0.0000000e+00
   0.0000000e+00
   0.0000000e+00
   0.0000000e+00
   0.0000000e+00
   0.0000000e+00
   0.0000000e+00
   0.0000000e+00
   0.0000000e+00
   0.0000000e+00
   0.0000000e+00
   0.0000000e+00
   0.0000000e+00
   0.0000000e+00
   0.0000000e+00
   0.0000000e+00
   0.0000000e+00
   0.0000000e+00
   0.0000000e+00
   0.0000000e+00
   0.0000000e+00
   0.0000000e+00
   0.0000000e+00
   0.0000000e+00
   0.0000000e+00
   0.0000000e+00
   0.0000000e+00
   0.0000000e+00
   0.0000000e+00
   0.0000000e+00
   0.0000000e+00
   0.0000000e+00
   0.0000000e+00
   0.0000000e+00
   0.0000000e+00
   0.0000000e+00
   0.0000000e+00
   0.0000000e+00
   1.0000000e+00
   1.0000000e+00
   1.0000000e+00
   1.0000000e+00
   1.0000000e+00
   1.0000000e+00
   1.0000000e+00
   1.0000000e+00
   1.0000000e+00
   1.0000000e+00
   1.0000000e+00
   1.0000000e+00
   1.0000000e+00
   1.0000000e+00
   1.0000000e+00
   1.0000000e+00
   1.0000000e+00
   1.0000000e+00
   1.0000000e+00
   1.0000000e+00
   1.0000000e+00
   1.0000000e+00
   1.0000000e+00
   1.0000000e+00
   1.0000000e+00
   1.0000000e+00
   1.0000000e+00
   1.0000000e+00
   1.0000000e+00
   1.0000000e+00
   1.0000000e+00
   1.0000000e+00
   1.0000000e+00
   1.0000000e+00
   1.0000000e+00
   1.0000000e+00
   1.0000000e+00
   1.0000000e+00
   1.0000000e+00
   1.0000000e+00
   1.0000000e+00
   1.0000000e+00
   1.0000000e+00
   1.0000000e+00
   1.0000000e+00
   1.0000000e+00
   1.0000000e+00
   1.0000000e+00
   1.0000000e+00
   1.0000000e+00
   1.0000000e+00
   1.0000000e+00
   1.0000000e+00
   1.0000000e+00
   1.0000000e+00
   1.0000000e+00
   1.0000000e+00
   1.0000000e+00
   1.0000000e+00
   1.0000000e+00
   1.0000000e+00
   1.0000000e+00
   1.0000000e+00
   1.0000000e+00
   1.0000000e+00
   1.0000000e+00
   1.0000000e+00
   1.0000000e+00
   1.0000000e+00
   1.0000000e+00
   1.0000000e+00
   1.0000000e+00
   1.0000000e+00
   1.0000000e+00
   1.0000000e+00
   1.0000000e+00
   1.0000000e+00
   1.0000000e+00
   1.0000000e+00
   1.0000000e+00
   1.0000000e+00
   1.0000000e+00
   1.0000000e+00
   1.0000000e+00
   1.0000000e+00
   1.0000000e+00
   1.0000000e+00
   1.0000000e+00
   1.0000000e+00
   1.0000000e+00
   1.0000000e+00
   1.0000000e+00
   1.0000000e+00
   1.0000000e+00
   1.0000000e+00
   1.0000000e+00
   1.0000000e+00
   1.0000000e+00
   1.0000000e+00
   1.0000000e+00
   1.0000000e+00
   1.0000000e+00
   1.0000000e+00
   1.0000000e+00
   1.0000000e+00
   1.0000000e+00
   1.0000000e+00
   1.0000000e+00
   1.0000000e+00
   1.0000000e+00
   1.0000000e+00
   1.0000000e+00
   1.0000000e+00
   1.0000000e+00
   1.0000000e+00
   1.0000000e+00
   1.0000000e+00
   1.0000000e+00
   1.0000000e+00
   1.0000000e+00
   1.0000000e+00
   1.0000000e+00
   1.0000000e+00
   1.0000000e+00
   1.0000000e+00
   1.0000000e+00
   1.0000000e+00
   1.0000000e+00
   1.0000000e+00
   1.0000000e+00
   1.0000000e+00
   1.0000000e+00
   1.0000000e+00
   1.0000000e+00
   1.0000000e+00
   1.0000000e+00
   1.0000000e+00
   1.0000000e+00
   1.0000000e+00
   1.0000000e+00
   1.0000000e+00
   1.0000000e+00
   1.0000000e+00
   1.0000000e+00
   1.0000000e+00
   1.0000000e+00
   1.0000000e+00
   1.0000000e+00
   1.0000000e+00
   1.0000000e+00
   1.0000000e+00
   1.0000000e+00
   1.0000000e+00
   1.0000000e+00
   1.0000000e+00
   1.0000000e+00
   1.0000000e+00
   1.0000000e+00
   1.0000000e+00
   1.0000000e+00
   1.0000000e+00
   1.0000000e+00
   1.0000000e+00
   1.0000000e+00
   1.0000000e+00
   1.0000000e+00
   1.0000000e+00
   1.0000000e+00
   1.0000000e+00
   1.0000000e+00
   1.0000000e+00
   1.0000000e+00
   1.0000000e+00
   1.0000000e+00
   1.0000000e+00
   1.0000000e+00
   1.0000000e+00
   1.0000000e+00
   1.0000000e+00
   1.0000000e+00
   1.0000000e+00
   1.0000000e+00
   1.0000000e+00
   1.0000000e+00
   1.0000000e+00
   1.0000000e+00
   1.0000000e+00
   1.0000000e+00
   1.0000000e+00
   1.0000000e+00
   1.0000000e+00
   1.0000000e+00
   1.0000000e+00
   1.0000000e+00
   1.0000000e+00
   1.0000000e+00
   1.0000000e+00
   1.0000000e+00
   1.0000000e+00
   1.0000000e+00
   1.0000000e+00
   1.0000000e+00
   1.0000000e+00
   1.0000000e+00
   1.0000000e+00
   1.0000000e+00
   1.0000000e+00
   1.0000000e+00
   1.0000000e+00
   1.0000000e+00
   1.0000000e+00
   1.0000000e+00
   1.0000000e+00
   1.0000000e+00
   1.0000000e+00
   1.0000000e+00
   1.0000000e+00
   1.0000000e+00
   1.0000000e+00
   1.0000000e+00
   1.0000000e+00
   1.0000000e+00
   1.0000000e+00
   1.0000000e+00
   1.0000000e+00
   1.0000000e+00
   1.0000000e+00
   1.0000000e+00
   1.0000000e+00
   1.0000000e+00
   1.0000000e+00
   1.0000000e+00
   1.0000000e+00
   1.0000000e+00
   1.0000000e+00
   1.0000000e+00
   1.0000000e+00
   1.0000000e+00
   1.0000000e+00
   1.0000000e+00
   1.0000000e+00
   1.0000000e+00
   1.0000000e+00
   1.0000000e+00
   1.0000000e+00
   1.0000000e+00
   1.0000000e+00
   1.0000000e+00
   1.0000000e+00
   1.0000000e+00
   1.0000000e+00
   1.0000000e+00
   1.0000000e+00
   1.0000000e+00
   1.0000000e+00
   1.0000000e+00
   1.0000000e+00
   1.0000000e+00
   1.0000000e+00
   1.0000000e+00
   1.0000000e+00
   1.0000000e+00
   1.0000000e+00
   1.0000000e+00
   1.0000000e+00
   1.0000000e+00
   1.0000000e+00
   1.0000000e+00
   1.0000000e+00
   1.0000000e+00
   1.0000000e+00
   1.0000000e+00
   1.0000000e+00
   1.0000000e+00
   1.0000000e+00
   1.0000000e+00
   1.0000000e+00
   1.0000000e+00
   1.0000000e+00
   1.0000000e+00
   1.0000000e+00
   1.0000000e+00
   1.0000000e+00
   1.0000000e+00
   1.0000000e+00
   1.0000000e+00
   1.0000000e+00
   1.0000000e+00
   1.0000000e+00
   1.0000000e+00
   1.0000000e+00
   1.0000000e+00
   1.0000000e+00
   1.0000000e+00
   1.0000000e+00
   1.0000000e+00
   1.0000000e+00
   1.0000000e+00
   1.0000000e+00
   1.0000000e+00
   1.0000000e+00
   1.0000000e+00
   1.0000000e+00
   1.0000000e+00
   1.0000000e+00
